-6839560407949425522
1488158320406119566
-5204190644833532786
-6572721902768798578
3963730916733961358
-956451647228656498
4983514786296317070
3234147809756791950
1644940204378244238
7584906637903217806
-3234709968888707954
4296153199037465742
5372232040412955790
-2629819888531061618
1030480867664413838
2904259858309661838
-3074268609694317426
-4684023977245850482
1255942456279123086
-6205959090531122034
-1042300608399719282
4897665825125254286
-5935461542787464050
6144037194229695630
-6362740445954882418
6805222250695443598
-1967508341063596914
-3063571702187735922
3456796381451732110
-9049981258732845938
3895897379427665038
-2212672504329583474
3727293929195390094
2182559286693545102
-1683499513667828594
2327237464662033550
6375692088998708366
-1978766351031253874
3961200082493719694
-1202176882904578930
5661871958584280206
-6844905681600297842
6839563261946971278
-2971246956921666418
-4065340147885325170
1098318334246077582
7038284767771051150
4726249386597237902
301462773816706190
7599827466572088462
-4906950173612489586
-8644656344751061874
1430177568771359886
-7571954994859391858
-2408296512727989106
3906313212877423758
5780092203522671758
1425674381471335566
2959431636796130446
-7846674127297887090
5837794816249382030
5597415324097528974
6036516322073461902
-3734043061473688434
-7710721512214805362
-6361611943798029170
-421645510273055602
-4057739215129459570
-5908718619310078834
-745060137178676082
-3410064958425578354
-3215284001880587122
-6912739266137602930
-7369291607432412018
-2365510913890892658
3574455519634080910
6603126274408400014
1192332831545181326
8302109402609566862
861881346707506318
-1423413955970644850
4489812399058666638
3519568678641812622
8462550761803957390
5601357828710810766
-6598048931336600434
-3293532505891060594
1099728938932454542
1870125976240342158
4160488385037288590
-8346289255147289458
-7599817377034189682
-6960306219806800754
-1098308244708178802
4065350237423223950
-8441427402761354098
4504451235399156878
-7684259662794242930
-1744293229269269362
-6578907420505324402
3147179047396131982
4068165176758191246
3078217778789434510
-2183675315614038898
-6608461928394570610
-5479747133439916914
-8981014261521628018
-3003611489333853042
2936354944191120526
-1129832498688605042
-2856962917934742386
4065069739145774222
-2746061674966858610
-8338687842501180274
-3551642912777747314
3418240503941514382
96835787250287758
2315421674237412494
-2843170130139462514
3773743822177649806
-8733033818006928242
8463961366490334350
-3569375335875525490
-4819124225087814514
6658580934870779022
8321535369617687694
6452541554305877134
8240752120698586254
-5042333470879562610
8045408591970649230
4183571962100532366
5789105239310812302
-8252555409262820210
3080753132396430478
-2420112303152610162
-3844938575837051762
-1671670201925942130
-320027235236363122
-5820892670785403762
5954050124002444430
-6044101916577151858
4192298562048574606
7043640146273059982
-4702591772553296754
8243286865607214222
-646537281147419506
5293429152377554062
-1321795680933952370
-7340856515304536946
-2177198033173134194
-2829938477724253042
-4054917515849415538
-8846184487255980914
-5677620639679560562
9094467746220557454
3190530116350985358
-9008876643696425842
-7479623032659950450
-8765119174448429938
-5704360218250886002
-7249376358878854002
4957911950992950414
-2841759525453085554
2321898956678317198
-3178966478870723442
2760999954654250126
-5376723064049810290
1204162143287067790
-3504069769220766578
2435896664304206990
-8761177735521811314
-4509779653844974450
8436098984315536526
-4070678655869041522
9075610141542925454
1092979826262361230
-8039757200899881842
4720910878613521550
8679856453563532430
8006849878068642958
8790757696531416206
1320130510980727950
-8328268559666297714
141313531835925646
-6654618287394438002
-6204258295341300594
-4098543930256571250
2803785553491346574
-7843005436872014706
9220007868464972942
2438431409212834958
-457383147905399666
-3062434026336205682
2877532407188767886
8041190889320170638
6494485900618712206
7244053773516620942
-3562052037808405362
-4210570369116322674
-2294288704545930098
1135483889759372430
-3829171569814846322
3086105665916716174
9116707068345664654
8249764148048118926
-3443268740796824434
1436662963515245710
4079994488500077710
-3843807556878646130
-3404706558902713202
3378277526950986894
6918669884705031310
-1637324800115784562
6834227598944978062
3612183680249316494
-4498517733208931186
-5651439237010471794
1055828249054626958
-2625864438379887474
-3778785942181428082
4296168218700629134
-3298871013874776946
-4845576002576235378
1094390430948738190
3937287893165884558
-3446363659877923698
1717294822253479054
6155873780153009294
-7127211811425139570
6968773548634096782
2771700197049844878
-7466388924986211186
4011316234972382350
-1192311565747403634
-7839061624263981938
-1899095190739008370
5883969529801426062
2717939023249753230
6683640033860732046
8032749602277508238
-4474028037907069810
4817179469406618766
-7689598170777959282
-4061667118426798962
3578971143957726350
-1525295991869586290
6216391812104930446
3683117027119678606
715526376555889806
6655492810080863374
-2628114821573688178
7270797186901296270
-4150049934858959730
6597790611406406798
-88928755681508210
3009547789274793102
-7787550776409635698
-3009513045095791474
-8652241843791510386
-1955107670299425650
3208550811831977102
1238507545097225358
3697754440969307278
1928684366952219790
7868650800477193358
-1860813193254189938
5453595707552908430
-7363648798963710834
-47269727996132210
5892696705528841358
249967906833122446
-6363005102186740594
3243735963525530766
-4824462733071530866
1010513628191343758
2543989319552025742
7707647801683428494
8040070083986932878
6887148580185392270
85305895527466126
5248964377658868878
4451827261855319182
-8534020694893575026
8759801875014435982
5593771368462763150
-1863908112335289202
3299750369796113550
-9207027270388464498
2241967517827941518
-325365743220079474
-5826231178769120114
-8023987763948206962
8745182493754510
8736439787926930574
-6724417731683597170
-3661688443598453618
-6151334469119163250
7038301638289343630
5885380134487803022
-4650228081862556530
8910954933118387342
-3595822707066190706
7758033429316846734
-4748744210867731314
-5434980169575480178
504986263949493390
-4707930280537013106
6691243368922039438
-5815534271262538610
967449814591161486
6720798376735622286
-754050922058267506
-483553374314609522
8471854510921827470
-1592846122946575218
-6328381061544196978
-8809019892950285170
-1354999463305198450
7093753453769999502
-5413024186414578546
286844142883521678
-226284668350544754
5713681765174428814
3847221200720315534
2388336466285118606
-5489584899448290162
-5658188349680565106
-312134090804870002
-4418572311758027634
4504184643867198606
2845452755022726286
1386568020587529358
-8532610090207198066
8761212479700812942
-990487909596838770
-6659956795378154354
-2559147824362470258
3380818609162503310
6479858201897026702
-3666188738685746034
-5420340757455616882
-6426050642079824754
1286926728609481870
1214587667535709326
-3547687462626573170
2392278970898400398
-6853329545247243122
-389819528430140274
3152543175523517582
8316201657654920334
3162676488096531598
1458064034102854798
-8773832814546566002
9004689844689519758
4242414714527237262
-8264362925657340786
-1400314084168481650
5786023718460933262
1691970187401184398
-7569400934190988146
6115068009356280974
-6391709630828297074
-3448607248780540786
-6156677820354837362
6447490291659785358
-6059287348524792690
7501895666456151182
-5942474887620115314
-189126325475654514
8011928597401519246
-2163110188720503666
-6812795204939463538
-8562162181478988658
-2622195747954015090
-7393478076525886322
-4211403353332562802
-7158446266052426610
-7331553341966039922
-1391586908441066354
6551637107405309070
5684694187107763342
-6822083453076814706
-4224632160766049138
-6898644166110526322
287693636518888590
7118247059740247182
4682925741410174094
-7823851898774403954
6112537175116039310
701743732252820622
-4693568588977978226
-4429263490660088690
-2399547176259074930
-7900412611808115570
-8069016062040390514
8977671547135804558
-3529106093048773490
-9029971528597814130
2706972150681126030
-7558983131095022450
-7567990329504611186
5448257199569192078
5110768729418450062
-5695337034675567474
-4758025223464729458
-1130094171113569138
6951896856290477198
4471258024884389006
-4530874538746362738
-7800769340166814578
632783943385040014
3245716385952253070
-4673300535619009394
-6542294350930819954
-8836878354439650162
-258928233613278066
-5759793669162318706
2916391021000082574
6228788572200715406
2592694867344311438
8532661300869285006
5905373945295094926
-952763678256970610
4987202755268002958
-31777548894911346
3528318015110726798
-7099051027686931314
-1159084594161957746
7168634134193587342
-3871658810024573810
-5193183716827380594
4724024166558811278
2445765844898759822
5227020126503126158
7530892855171695758
4205266029532234894
-8301511610652343154
-4092053126498401138
-6498664134629309298
1396990652623438990
6560649134754841742
2606207204093150350
-3900368159016139634
-6194952162524969842
-3556968475223571314
-6290090310139034482
-3986217581470464882
407043863353050254
-5093821572195990386
1689162513657709710
-1156549416594094962
-9058114908974398322
3467803309457884302
-9038974330726693746
1923068666956039310
-3919225763693771634
-1790993320287583090
-7291858755836623730
4906140853204501646
-4987986027168054130
-594724582344538994
-8040018873324845938
41972154079200398
5981938587604173966
-5939933805408598898
-6581696725384608626
-8859955047044660082
6592458293310473358
-5914319346874104690
5520601583785165966
-6986176056399412082
7106150195258803342
3904372407506912398
4994525020567454862
-5750782131720076146
-8378069487294266226
1622736598658008206
-2535211508941896562
-6941702251106188146
5403508985702204558
7665160561473701006
-3555557870537194354
1608100611594208398
6872808645332649102
-3311800401289198450
-7612738029135248242
8830185695423841422
-2669755945973103474
620968152960418958
6330406847237407886
-6176370792947170162
6769507845213340814
-6513577746364808050
-199531068537617266
-12068614038797170
6350955070693655694
2005544508594930830
2386943307896407182
7550601790027809934
-6502880838858226546
5328638401539818638
-7178139238644759410
-2014480756513356658
-4299776059191507826
-6311195871375965042
-8605779874884795250
-2665813441359821682
2372307320832607374
7535965802964010126
-4970811837220567922
-5425112335616752498
8763759780424139918
6886040297747858574
-4208295902765824882
4742326893009257614
-6397045293830290290
-7504649284555815794
-1564682851030842226
2887688427658626190
199320930659943566
-9035310036581530482
2442395123377063054
3496800498173428878
-3640560330469718898
200728680347550862
3829222780476933262
6534197357266420878
-5972580282918157170
2579755426604729486
7743413908736132238
-1389323118426110834
4550643315098862734
7761991334726550670
196225493047526542
2158106187427038350
-7159841398382312306
-4536213046730079090
5777311601037755534
627445435401323662
7995897488024880270
7128954567727334542
-5287188103553268594
1628089132178293902
6791747614309696654
-516468394395351922
-6107687325051304818
7381156620265931918
-4444732890304396146
-8918777584047012722
-3755119101915609970
-8161609844079901554
3088382044665365646
9028348478190339214
-4862723092641135474
-4720859667951434610
1920260993212564622
-374323010296265586
-2572079595475352434
-788091113701817202
6127186122029745294
-3107444845211728754
-1931160821663447922
4008805611861525646
-3876997318008290162
-699426300646308722
-7109455770748894066
743977887935841422
-4756887547613199218
3245727523571057806
-5722628113649023858
977884041234171022
-4522981394314869618
8653143946250765454
2850537336063214734
2855174107907214
7337248674813658254
-5137722262073817970
-257790557761747826
7744824513422509198
3940127358333830286
-405283203764894578
5463188704573605006
-6185090237504863090
-245123803979889522
628856040087700622
-23884404463418226
5139774077667984526
6624554787370779790
303752749737657486
-3924564271677487986
2087741231511192718
944671523549561998
6884637957074535566
2176406044566701198
-1039164088304188274
-5900518366625839986
-1020586662313769842
-3080701921734343538
5125138090604184718
-7381639549580393330
1020107049281340558
-5140817181154917234
4461420258876015758
-8807873006190115698
4376977973115962510
-5945272313392315250
-2846795768436013938
31567411017237646
1085972785813603470
-974142473606970226
-2040932534001777522
-1401421376774388594
6741931361740342414
-5903613285706939250
2178940789475329166
-9150145538756623218
-7055690177766144882
-6947040759089904498
6815959703546840206
-1783382276958501746
-3649561191576419186
8688612998375883918
2003300919692313742
-7609351002857585522
-7365593533609589618
-8518515037411130226
-6547345613576911730
-5471266772201421682
-1404516295855487858
3759142186275914894
-2363220013976304498
-323370852580506482
8634851824575792270
8294830089255339150
1364071746203370638
211150242401830030
-2556593187914693490
1990072112258827406
2715714712892949646
5814191257849250958
-4982907307835177842
-204869576521333618
-5847598375217052530
-3683337275570568050
4043151013671683214
-5932040660977105778
7013837977183405198
2000206000611214478
3054611375407580302
1901689871606039694
-1666849824423983986
-3558361633612282738
5998558293342635150
-6508219346841942898
1227276007706805390
-8828980366756199282
-6610394479769074546
-1446735997637671794
-6933809106674695026
-4280625833080961906
-3287300605431167858
-7602030521148160882
-8754952024949701490
-1114313715334167410
-5876588845496449906
-2158585810476514162
3781380623048459406
-6438694206647483250
-2407972538251918194
1237409896059192462
-6882298730120657778
6401068378190595214
8398414837037221006
4523348895514313870
-6082628226061351794
4631998304173507726
-7874779336011070322
-4321157738164304754
-4489761188396579698
3052360992213779598
-2448504443335261042
8690023603062260878
-2107074962622167922
-2116082161031756658
-6878357291194039154
-7884067175818247026
-2630336701001022322
-8950857236213054322
-875903075330997106
5064063358193976462
-7165179906366028658
-5491529634094168946
-6644451137895709554
440837279148754062
-682529288399272818
-4807263488742701938
8924211777312998542
-521806902379068274
-4569416829101325170
233953653662762126
-3812249089134214002
-7614694354093259634
8749697988774413454
3816567701452178574
8980226183583581326
7922443331615409294
-6400973772907002738
-1613928843183569778
-407526792667511666
-470858655331695474
7115736436629390478
-3115597364241808242
-5727966621632740210
-6880888125434280818
591146733948978318
245495644211987598
-4967420900274518898
7978457737885992078
707959194853655694
6647925628378629262
-2615697288881159026
-8105303730352995186
-743043994052115314
-4126936070439222130
-1170322897219533682
-9068510512687790962
-3128544079162817394
695293549694502030
-171649370603043698
5858952031825904782
5967319956670989454
5936076276823049358
7215661633333970062
7047058183101695118
-3857563709997497202
8919711477930738830
5368341722982597774
3328774092631917710
-3525141427693992818
-8287416557856275314
-9016999664833444722
-1173417816300632946
4857183586128315534
9153617631229068430
3990240665830769806
2221170591813682318
8161137025338655886
-3090262081677998962
641533279853954190
-979480981590686578
3121327989424997518
-2091588555061508978
-2379537446124043122
3560428987400930446
-4526909873391582066
260135056331850894
8489337655682221198
2988472220133180558
-2654256578562538354
-1716944767351700338
5290656285357327502
7138539847890322574
2119559543727408270
8059525977252381838
-3093357000759098226
7283218025858811022
-5223559614325767026
-8523853545394846578
-9190104789707832178
6286796842065282190
-1927487330921659250
4012479102603314318
-6651200250565802866
2140107767183656078
4754447375069168782
5658545174544467086
-826075166611520370
6569398471223755918
-6225328060023356274
5439839554434057358
5491349488311813262
-4754339662520564594
-4763346860930153330
8921122082617115790
-7652968696263392114
-2496347062046997362
-6404908446166465394
-1651077528178572146
-713765716967734130
7838851476369261710
-1050972670385372018
704305577044034702
4293393392051242126
9033432040775173262
8011677943804281998
-5648021200181836658
-3249009854026005362
-6108795607488838514
-1715534162665323378
-945137125357435762
3448124319466079374
-2052741116082961266
8339596596131480718
-2388540248252922738
-38786983059176306
5901179450465797262
8031663595077584014
7009909498106692750
-6649789645879425906
1250087135825446030
-4250778299723594610
7947221309317530766
-5360915526994803570
476594123766842510
6416560557291816078
-5814371403631606642
-7874205250798140274
-8295010235037694834
6777130487444489358
8926192199739720846
-2897445599607962482
1007175278168458382
-6801784970668325746
-861818537143352178
3211687331927508110
899651950753694862
4212331028704478350
-9070754562873670514
1648094051980362894
2879828572997502094
2855058840701453454
8273170681131779214
-7735999868822797170
-4025033700324850546
-4131149429762079602
1808817003762893966
2209918886229918862
-4248242946116598642
8697635692043912334
3338633681184572558
7271402235434189966
-5235375404750388082
928926774157984910
474063289526600846
-5026802146022439794
136856336108962958
-892216144117021554
6638365468434973838
-5250011391814187890
1780107654771328142
-5445354920542124914
-7160381785494698866
5428023764009436302
-527705156170988402
4635953325960414350
1429671893920203918
2350658023282263182
8290624456807236750
-864912109588626290
5075054323936347278
-4992461134770912114
4523926397193372814
6841028413185672334
-2379528692203699058
9148279123245352078
-6447123366239714162
-507156932714740594
5413387776945636494
1679622245253203086
692489786619413646
-493364144919460722
-5994229580468501362
-8299509493062351730
-2469318239867812722
3241809136460579982
677853799555613838
5620835882717758606
-7245666676136917874
-4034318656509229938
1905647777015743630
-451705117234084722
6846659575521297550
-5660118064663280498
-7771743239354628978
-3698237370283768690
-509407315908541298
-6010272751457581938
-70306317932608370
-1495132590617049970
1363245978920502414
7303212412445475982
-4228254425532513138
935404056598889614
-3471086685565401970
6133965688078419086
-6372811952106158962
-7362759274219879282
5128537315892348046
-1403652434191367026
-5101107698448382834
800859619567682702
-5877697127933983602
-4700005815981357938
-1511175761606130546
4428790671918843022
1787710989832635534
-8854294919659305842
6613318025595143310
-3571291021026704242
8570695075686335630
-3936082564498242418
-6230666568007072626
270842564318938254
6301443966747886734
5434501046450341006
-835916861895261042
-2887024875675237234
693899815526417550
6633866249051391118
-459021688275123058
5480944745249850510
7736122496555500686
-6258531842394602354
-6659070658476424050
7833512968385545358
-4355197929807854450
-6996277611894061938
6091464450956149902
-6415313189228428146
4018964497347200142
-5215666469894273906
-8063911755482839922
-2150122352675306354
-3303043856476846962
9157290679294575758
-6114134115472554866
-7660839104174013298
-950475633341152114
-630720057588497266
-2497180622042610546
1551274002294064270
-7856182632901950322
-1916216199376976754
-1097968279344298866
9152787491994551438
-2853809113268665202
8504269160686634126
3669936496200729742
6626549678010352782
873482646911009934
-716569480042822514
8568164241446093966
-3151890798372895602
-4304812302174436210
8122870937164530830
2725869810796283022
1087122669265568910
2039915483317748878
6050370992145515662
749915715847931022
5629847420160001166
-6876930220024576882
-2917984645074566002
-1713271737893174130
-731205467106622322
-7334889732359764850
-7419332018119818098
-1479365584594844530
-661117664562166642
7736406868287374478
-4770370771897203570
393287710234199182
-8606874646022110066
882491339371529358
-7897276091712584562
5249012705699382414
-2715040183590763378
725709992537703566
-427211511263837042
-2862532829593910130
-9178268203784518514
-4014609721653115762
-8365368435303431026
-2481134030292433778
-8848942386139020146
-296606676616133490
-4980350287688940402
4867051805515269262
-7639725834669308786
7600736807000032398
3108396218312115342
4892384700085650574
-608480735463390066
4981049513141159054
6800503792300803214
-3095874898051382130
-276058453159885682
-1428979956961426290
3824750517855798414
-949065028654775154
6043054902421832846
1636564160257541262
4287214068497466510
6327063229893264526
-7110833528341183346
484487268198335630
4573474258901615758
7181621441690420366
-9080595278342830962
-3140628844817857394
-5982118733386529650
-42152299861556082
-8641494280366898034
2836210879591695502
-2839450270986320754
1157494419472598158
3472907616015434894
5041286456724243598
5325294784195675278
-5429019585108425586
1695675026891162766
-7523193382134791026
8566197797324932238
-7058759628413647730
-4251046709191687026
142214735631828110
-8826140901588253554
-4927993852572646258
-6654561224040561522
5300525465951880334
-283375024200924018
5656591409324049550
-7626494182254099314
-4560950065035131762
-5713871568836672370
-3565091496360590194
211739875826287758
6151706309351261326
4278490352172221582
-9004595239405927282
-7007248780559301490
6625147337337029774
7564429351627342990
-4870009218893527922
-859553710065761138
-1224345253537299314
2329276344309466254
8618834726423708814
2599773892053124238
6700582863068808334
4201929639138509966
-8304848001046068082
-8389290286806121330
4182789613768230030
5712043224804705422
1060950910164354190
7000917343689327758
4706333340180497550
-457043625217801074
-6732246633041804146
8803201761917093006
-4124099450252999538
-6184214709673573234
6482440742002836622
-6024336898181741426
-4161816915925711730
7859416603262796942
2358551167713756302
7522209649845159054
9055685341205841038
6556469083809334414
-5950308556375243634
2519273553733960846
1690329753240290446
-3071945376921992050
-4077655261546199922
2838184993339557006
-8240388530167528306
-1685117719822121842
-2838039223623662450
4975706161905484942
5500938556057142414
6926609426171905166
-582861472318012274
-4131416435346291570
6857648157565207694
-7792842887357971314
-6952077002072832882
697568505952289934
688561307542701198
-4073713822619581298
-6263870350378318706
-2686886165519711090
-3839807669321251698
3973937716207895694
-1584629918015601522
4355336515509372046
2122114180175185038
-1454869647879224178
4485096785645749390
3038597122237219982
5480111185254237326
-7026666454930340722
-4540116452818467698
1399849980706505870
8766050184709358734
-3740727455475219314
-4983157961432415090
-196113031708982130
3521890003310953614
3736374005807531150
2869431085509985422
-4580648357901810546
1359318075623163022
-3718208981708487538
1190714625390888078
2792870372476273806
8732836806001247374
8409422179095626894
-8467535898603862898
-2527569465078889330
-2864776418496527218
-4076244656859822962
3573400851165299854
3564393652755711118
-1197881477406571378
1867662639812396174
-999159971582491506
-1866102891880037234
3050139112786445454
-7424670526103534450
188946179693298830
949491901051520142
-8235881003834850162
-1098801263560538994
-8378307000707496818
7459164109952074894
-3618846394400815986
4933489315122070670
-7573288325062507378
-8595042422033398642
5531623945506735246
-6975153694677842802
7405402936151983246
1426874468148003982
-3786042076338502514
-720497959119534962
-5482773089281817458
3400295726290912398
-6212356196258986866
-2435524824072108914
-4074271965602823026
6856245816891884686
7795527831182197902
4928705219787310222
-8575056770760096626
8849933205978563726
-197798383166339954
5925971457999455374
713054913512948878
425106022450414734
-4787810522036091762
-6356470436801723250
8532429944424842382
3064778524906308750
4937431819735352462
8560859289341215886
4263017955836118158
-8702845277928078194
-3388034698900323186
5936668365506036878
-3957458514866518898
-1094857822068718450
-5550606626588113778
-1244883884951649138
2191081177386402958
-5719210076820388722
7354739659517805710
-3846556781991345010
-7502916599184538482
2155334386093474958
-2606940744068807538
6028993110772106382
-9105353411736812402
4934899919808447630
5705296957116335246
-8348185671769701234
-2408219238244727666
-6720978522517977970
-4848325227688934258
1153565940395885710
-3608709189766396786
8339622216275149966
-3849088681918249842
2090877751606723726
-3409987683942316914
1289518555478967438
1753670798189085838
5031165665619821710
-7475611974564756338
4716195265200604302
5590175109268194446
3269695601792074894
-7630422661330811762
-2843377731607378802
3752988482865808526
1089109305909134478
6252767788040537230
-5706259479855020914
-4956691606957112178
206966875174290574
7253411484817507470
1880617147446150286
3519645953125074062
-7107723085377616754
6309344799413060750
-6197432840771517298
-1085565786349026162
4854400647175947406
-983953244211821426
-8623183908618812274
-3845146177304968050
2802729952438994062
-6370820972134972274
-1207162490003569522
-6708027925552610162
3281237592341300366
7579360856631755918
-4927416783552822130
-1985721689909410674
-5719487221601844082
5758217938356749454
782021910724166798
-5942696467393592178
5430018730504045710
-6299324958619646834
-6368286227226344306
-1220390231750392690
-4426671663790603122
-6721255667299433330
1657972947702858894
4756449492659160206
-5615340420168334194
-6944464913091181426
-6257384494351170418
6143277149759030414
-442955780765170546
4720702701366232206
-780162734182808434
7342923869093184654
-5156253904022190962
6157069937554310286
656204502005269646
6596170935530243214
4181115842605958286
-1355215310179187570
4584751123345785998
6177618161010558094
3718934255668642958
4928150807138354318
6198728965239686286
5057347953641473166
747684658430952590
6687651091955926158
-1121309156880857970
3391297710165935246
-6365750873619348338
6580127764541162638
5155301491856721038
7328569865767830670
8560304386784969870
-1013785405396794226
-4493097578790304626
-1187173969419484018
3976484512711918734
3179347396908369038
-2055524055035329394
8785203341673710734
7632281837872170126
-6667772675343432562
1549326384025388174
-6570382203513387890
-8421361646335081330
-7367519319316937586
-2203860837185534834
-3725795950470806386
419767514466698382
-5494866024487893874
6170301589969519758
-6336476050215058290
6609402587945452686
-8337763039733791602
154055580437791886
1214739947013262
-1151706763854527346
-7669541121041021810
391902240079168654
-7572150649210977138
2295236152665916558
-2088736591326919538
5594122904104682638
-3205629282883124082
235120893245342862
2383900965721425038
-4735727015754644338
2942910409369797774
-7124605049337461618
5821273588823049358
-6685504051361528690
9107212588278170766
-3399565051906407282
-8242341862728711026
-6248372938301946738
-1010405021700242290
4929561411824731278
-8353524179753417586
4592354458407093390
-4725593127402257266
-766647552452246386
438065354729145486
-1439654127947135858
5552465803129472142
-8710152670979472242
2206854373296391310
-8126373495035050866
-2186407061510077298
2977251420621325454
5933864602430948494
432999166881907854
3498543284100875406
2345621780299334798
2795981772352472206
-3854427189901966194
9091451448258544782
-5106427841862876018
-226496137550805874
4937162344580596878
8896107919530607758
2309874989006406798
-732306541200718706
4789669698577450126
5171068497878926478
-329796937670114162
2379962791550862478
1650379684573693070
7043721792707970190
-4856195635599555442
-607330852011424626
307462846531847310
3935393898883007630
-8571383741301570418
-4213588013714160498
3787901252879860878
-8718876387304717170
-3555217905173314418
4869046696154842254
-2527834121310747506
2635824360820655246
8575790794345628814
4169300052181337230
-9113785539396811634
-3173819105871838066
-2198508303665249138
3741458129859724430
-989291752195537778
2109184792760763534
7811023421027468430
-4195573184235748210
7362915267577988238
-8696920971333254002
4987547972214015118
-7519229667970562930
6041953347010380942
-811962181905464178
4844558951892206734
6374375629313885326
5221454125512344718
2092015427458253966
-9078600387703257970
-4556986350870903666
7134921350672106638
-5371856289512471410
-5813209035925011314
7574022348648039566
1032543897733645454
-4614688549545360242
-6674803808965933938
2143525804012291214
7807928501946369166
-9084510715992521586
-2383435941695372146
-2409612972412812146
3530353461112161422
-3562534476214352754
2377431957310620814
4078103833401181326
-8428673806783396722
-3523972294320241522
-4124639837365386098
8346109109364933774
-5597035305724459890
-3230112193910848370
-5763386978896100210
-2791011195934915442
6372125246120084622
-2175706819114482546
1722440229901124750
-26926746638400370
5913039686886573198
7559668345322685582
2826666700518802574
-555818091758926706
-6139718581911731058
-976060099780328306
6196485376337069198
2528585015414572174
1375663511613031566
6629393986430256270
9016301821228565646
4254026691066283150
-7517819639063559026
-1577853205538585458
3585805276592817294
-4231880639608437618
1708085793916535950
1780424863580243086
7720391297105216654
6871744276047938702
-3177475264812071794
1636591268730061966
6183256568903582862
-6323521071280995186
5866315898139788430
-1654413918572297074
4175777334622241934
-1738856204332350322
675354728115815566
-3798971463752924018
232313219501868174
5019358149225301134
2584036830895228046
2946858204206285966
-9192031612477815666
2526334632220771470
8466301065745745038
634822823032472718
466219372800197774
-686702131001342834
4339878097478829198
-8592208162643688306
-7204536488187837298
3174008888924652686
976252303745565838
9008985250187527310
-3497792389997050738
1665866092134352014
-2740624650029939570
5338551624095319182
700125526098527374
-8011243383173856114
-3018158564371250034
-2065365750319070066
2931659546202555534
4350011985831216270
-535549072897391474
5404417360627582094
-1688470576698932082
4251495856826041486
-8941517742066285426
-1208555648392280946
-8479054191424617330
6164963081985803406
664097646436762766
-301642919599061874
148717072454075534
7338995390016472206
8516686693379163278
2841025542801147022
-7822372275027884914
-3379571241099115378
-4532492744900655986
-9159659863132257138
3108145564714878094
8012847077178033294
-7440973475726408562
1436184407153656974
7376150840678630542
-8070632892934830962
8772548262648956046
-8119890955289934706
3510655168245482638
7816377909881947278
313380963238888590
-267301908347534194
-5187484472310152050
-7465742793970203506
6914813836859622542
-5591963803324955506
-376232372456569714
-2051008430711683954
2909706626998551694
-8059935985428249458
-1326772966771833714
-198058171817180018
8009752158096934030
-5273333433481214834
-1269070354045123442
-6065685396853275506
4122864617394881678
3785657663977243790
-8721119976207334258
2574189425613948046
3923298994030724238
-8583478646153853810
6605474108868740238
-7054225035117378418
8610420539263632526
5651274110891279502
1174977564232991886
6741426723951821966
-774236443629763442
7599925983525291150
-4906851656659286898
-5194800547721821042
-6209799176112749426
1430839133502784654
-3331435996659497842
2608530436865475726
1942279192552490126
-4337145881283705714
1602820552241267854
8577207588919788686
-3929570051264789362
4096125961390081166
-8410651678794496882
-2132070794058447730
3807895639466525838
2940952719168980110
5571054903876994190
8971554121597928590
-1944608339559627634
3995358093965345934
1929050385119003790
3057765180073657486
-324719612204071794
5097614341469455502
-4390907055083797362
1549059378441176206
4467954924261033102
-744961620225473394
-7211567621810338674
-1271601188285365106
-8396014264944868210
438077886214784142
6378044319739757710
429070687805195406
6369037121330168974
1606761991167886478
6860492465985111182
1939184273471390862
7969785675900339342
7102842755602793614
2993589648267756686
-6092422591726140274
-6830449892270717810
-890483458745744242
4095845895771866254
7363488995986719886
-5431237535260392306
1862623560437679246
6233930079197021326
733064643647980686
-6596543738972388210
-5573663532133038962
4731416975020475534
-6844804328255306610
-2181045327098198898
-3333966830899739506
-5661764821815049074
697317852355052686
9202365817098421390
8336267414081193102
-8236697668983110514
-7107982874028456818
1099827455885657230
5232161633499432078
931224005653382286
-8050923958078716786
-4996920333063076722
943046100461896846
-4335735276597328754
-304450593342536562
-8710419262511430514
-151046600594471794
4242214844229043342
-168497978259454834
2790648493048939662
8730614926573913230
-7684161145841040242
-1744194712316066674
-70544440044206962
5869421993480766606
8741311834080494734
-1152815046292061042
3240446398531454094
8404104880662856846
-4102672759521721202
1667282886708511886
7607249320233485454
8047476389436802190
-4459301250747775858
7874087825414112398
-266168448442612594
-7234644314415348594
7145912316414477454
-5360865323770100594
8731460927888114830
1106866759059195022
-979988578857040754
4959977854667932814
197702724505650318
7739543388382905486
-5543542203195243378
-4219483879512652658
-5104441205219310450
944174602618750094
6884141036143723662
-1915611150844083058
3248047331287319694
1397067927106700430
7749676700955919502
6560726409238103182
-457289002903845746
5482677430621127822
-5834586917298420594
-804065721191938930
5843810408552023182
5443271592470201486
8167667893124285582
5882372590446134414
5687029061718197390
1723017298920948878
-7842065247620217714
-2678406765488814962
-5978700696557894514
-38734263032920946
707737615080178830
4685260616020608142
4012254040525718670
8405515485349233806
-7060971302805748594
1820690224362636430
-3680175211186404210
-2574259964055305074
9189423793719297166
-6980469142255483762
-1040502708730510194
-294030830617410418
6736088215968105614
6207478301708600462
-7075607289869548402
-1135640856344574834
5870271348290962574
-6636506291893615474
-8062739748503337842
1494180178451580046
7434146611976553614
-5200139055705537394
-7735102594302262130
-1675227715104848754
-7889913281068317554
-1949946847543343986
6432378166278964366
-8825535853055359858
4462616416277316750
7561092961233618062
5463260113054286990
-7367213705115122546
-1427247271590148978
-2676996160802438002
2486662321328964750
8800708999156155534
4594910027438441614
-1038530017473510258
-2900205406594186098
-3095548935322123122
80051878960383118
-1770927563861310322
1257743190913008782
-4326438863203908466
8961713406128768142
3460847970579727502
-1222895640493079410
6985759311180416142
-5186907403290327922
4920859394957722766
-921716566737206130
-8313530739367263090
2603194773863482510
1495590783137957006
7435557216662930574
8278574868991657102
5983990865482826894
-35069968887757682
-687810413438876530
4475848068692526222
3250869030567363726
-6856897263461383026
-8009818767262923634
-1302551281197824882
-6866748579411049330
-1703090097279646578
-1684512671289228146
1601426328165893262
-7288397818588740466
-1348431385063766898
5247934829409420430
4464027020963693710
-8819058570614455154
8974945058543977614
6127262896588670094
1652936704719930510
2452607208779236494
2796006892571804814
-2704858542977235826
3235107890547737742
-2065347385749846898
2458799939154166926
8398766372679140494
3039764361819800718
-6420046648679250802
8960309071480177806
-3546468568704400242
5918127541273052302
4765206037471511694
8625917057397507214
6428160472218420366
8212148953991955598
7069079246030324878
-5437698394154253170
8300813767047464078
4666690408390673550
1890784296944878734
1794238446874215566
2433749604101604494
-1920949658827799410
3242708823303603342
-2068442304830946162
3095216177300456590
5011497841870849166
-987296861555964786
-3220519196890151794
3476614976601932942
-8054851861376056178
-2891193379244653426
2051788703917491342
5150265248873792654
2289072348699640974
5838471900568306830
-6595966669952564082
4199724759037592718
5681690553734481038
4528769049932940430
3862517805619954830
8742449509932024974
7594313167151907982
-1989065307253554034
-4222287642587741042
7682977980207416462
7975711966453384334
8793959886486062222
-4306729928347794290
8064376779508892814
944748798032823438
-7597735115650153330
5075675796016284814
8361614795471406222
-2561866048941243250
2525794245108384910
8465760678633358478
-3263583010490334066
-567897124514478962
3859422886538855566
-4985083747139763058
4913828261335221390
178574734991639694
-8279185337557105522
4763520686014153870
7792191440788472974
-8969643290716978034
-3029676857192004466
6113474980669375630
-533275077847202674
5406691355677770894
8026097594086802574
-7561986383335046002
-8210504714642963314
-2704572644275436402
8358519876390306958
-4924565715187841906
1488841670467863694
-485986757288311666
4677671724843091086
326913011192775822
-3870160340391476082
7216857790735271054
5350678876117353614
-757891007639894898
6882747301975639182
-6776951842010479474
1390889064836187278
-9212273160340552562
-3272306726815578994
-2541597530004044658
3398368903520928910
-3330008925490035570
-5687361819739863922
-8082432259812408178
-7456431893756951410
-7897221563767241586
4017332759858594958
8795370491172439182
3152641692476720270
8316300174608123022
-8596968207740746610
-3433309725609343858
-5403352992344095602
-7778720287708068722
4585068332154700942
7391092441944245390
-5891993149633903474
-6689130265437453170
-6391892630608198514
-7544814134409739122
5441878434081490062
-3447945712673143666
2492020720851829902
-3398124573915790194
-8898990009464830834
6980420803196699790
-5631346909249977202
7314531728910533774
-2404517739365841778
1065787264242107534
3189797528567104654
-994327995178466162
6646310314437067918
1884035184274785422
7824001617799758990
-5965175904178453362
3270862841374655630
2117941337573115022
-8688164426520902514
2597856265879766158
-4420159150557150066
3780895772320023694
-6394143013801999218
6551735624358511758
5653549067149067406
-5206599914599398258
-4424662337857174386
6884157906662016142
2664848083656459406
5950787083111580814
1116172891875525774
8756811201491059854
-3749966438693518194
-8752621061007653746
65990087310656654
-7395911459499588466
-9005666726867024754
-6899952361782295410
4192976578951070862
-2070685893733563250
6355830541903283342
-27177400235637618
4759867529487795342
8692354567004308622
7825411646706762894
6315298636819940494
6146695186587665550
-4661099325395745650
-1524060674400369522
8592713275026261134
8529381412362077326
-2330767569386388338
452457001169536142
2720864031208981646
-7988414351769254770
-8855357272066800498
-6225255087358786418
-2824755869637852018
-8048086858002250610
-2108120424477277042
-9201008361803791218
-3261041928278817650
-1468046268129786738
-2798578377637149554
8138694797582484622
5905472462248297614
-5844137437969169266
5378832894188405902
-5354933808831839090
-5427272869905611634
8257196073641657486
-4249581566542920562
-7031680065871461234
-8900673881183271794
8589618355945161870
-3826524315335441266
-4693467235632986994
1246499197891986574
558011490747630734
-3639061860836621170
-3510427729192729458
2429538704332244110
-4753421182744050546
7116660220941124750
-8042174621609802610
-2390157079147363186
5142676357696275598
-4949890350040136562
-526792528085039986
492991341477315726
-7064893016215305074
-194370245781535602
5745596187743437966
-2727645030766787442
-5695235681330576242
244730752194397326
860035129014830222
-292886374786710386
2479923856370386062
-1586263586509339506
407142380306252942
8020759086103086222
-5172254512789240690
7593480182935667854
-6458031785882598258
-518065352357624690
6345983489131234446
7283295300342072462
-4155847720658451314
-6024841535970261874
4906239370157704334
-2307964158125456242
-2163285980156967794
3776680453368005774
-1724184982181034866
4737917850710787214
-529323362325281650
7111314947290252430
2349039817127969934
8289006250652943502
7375620045608141966
2547761322952049806
6175692375303210126
-4189060671002295154
9049270455278060686
5311564284139488398
8374293572224631950
-6669699502408383346
2774912007670416526
7938570489801819278
1289568758703670414
-3064849063347665778
2875117370177307790
7757300841532966030
-4749476798651612018
763492195485959310
-1531091808022870898
6109546501592663182
1347271371430380686
7287237804955354254
-5905775793936972658
7046858312803501198
1545992877254460558
2636145490315003022
-4912168955092056946
-8548262659948460914
-2608296226423487346
8047502009580471438
-5235583581997677426
-1149974078483250034
7131583000649221262
3434127736392205454
-916067925184920434
6045089867105911950
-413071965240605554
-7237995724472236914
-5913937400789646194
-3610064672121076594
8702777199040218254
3972027316984956046
-8534750323199622002
-1427507060240989042
-1906577414019267442
6611699819440850062
-1414840410938194802
3748818071193207950
-8969909882248936306
-3029943448723962738
-4461243593105259378
-8430603521766112114
7021809818589021326
5609931373743260814
3386560782723007630
-8669575401628416882
8491672530292655246
5514793226129196174
-8439328727847320434
13927790580155534
8138421530550420622
-6234816674088270706
7377313208385225870
-1343344397422869362
-7798409954035415922
4527660767495406734
-6566675433018276722
-734232326908066674
7347758700495979662
-5159018939688598386
-2159058599592508274
-4718791870485281650
1365852741008180366
-1554168500627880818
-5620355943507606386
319610490017367182
7489904084595065998
-4034807332033969010
-7236585119785859954
4700487234930427022
-1072282940877486962
-2175101770581588850
3764864662943384718
8928523145074787470
4770575037474882702
5223186810883622030
364084295310591118
8108023923576751246
-1647335516873866098
3750228675879584910
8913887158010987662
4636030600443675790
-5019123938783312754
7926754699377198222
-2395495587131079538
-7079239198203886450
-4930459125727804274
-4810550680055364466
1129415753469609102
-4371449682079431538
7293717932377982094
-298224882770426738
2553116701454058638
8493083134979032206
-9135413018697841522
-8081007643901475698
-8754014219396365170
-5812319125752953714
127647307772019854
8506875922774312078
5291305789903422606
3006010487225271438
-1380495489018280818
6291949486680392846
5110036141634569358
-7396741498550008690
3106215849732162702
994590675040814222
-1299993328468015986
4639973105056957582
-3825668123298020210
2867243969869857934
-2377197746868632434
1581747828081378446
-4254917229544913778
908741252586488974
5302002697410004110
7505107477076722830
-1729523490164751218
-2382263934715870066
5493687664892265614
-2054626780514794354
-8561202100688042866
4585086696723924110
-7921690943460653938
-3397543618556640114
2121899242982818958
-3378966192566221682
-1730648677466684274
-1899533644432063346
5407838242437940366
4300234251712414862
2769573499686700174
-3145060039267892082
2018598442863510670
8933875678595073166
-5205175298688465778
-1686737891327654770
4253228542197318798
2503861565657793678
-3965559260765928306
2889200871302317198
6789318152021427342
-3759800907026840434
1120130797285229710
-1612991037630233458
2003962455799710862
-8052575482627406706
-2112609049102433138
8052578297983878286
2584926878465344654
-179438740777122674
1354036950583559310
6517695432714962062
-5013771405263027058
149887076868375694
4457580173294388366
5697196211216925838
8722771009847510158
7569849506045969550
2886105952221217934
8049764434352620686
6503059445651162254
-7895230003721714546
-4721599544228756338
7902271788349473934
-7914370100652063602
-8573021359104768882
8283670587650950286
-7341286838087629682
-878339764569684850
5848349269320877198
4695427765519336590
4992665400348591246
-8290420191229557618
-3803708852479114098
7047995988655031438
-3396133013870263154
6900503342651884686
-6382582248926264178
7954908717448250510
-5677768822719167346
-1131103522545646450
7281902141953361038
2880478077543597198
-7518333430512663410
-3791323201378106226
-4516402739921992562
9154555436782404750
-6389618635558009714
3381222274739291278
-6639005363333413746
7333412518507398286
6285199884103009422
-911552300861274994
5028414132663698574
-7047143741206215538
2164969365261862030
8139275752941634702
-4367501887242943346
-1178671832867715954
-6679537268416756594
-6848140718649031538
-1502086459773336434
1360514233024464014
-6338107787703663474
-4554119305930128242
8391759332230382734
-4465454492874619762
5904365169642390670
3378127355658192014
8724181614533887118
7571260110732346510
-2180440278565305202
2983218203566097550
-7849909164346620786
358745787326874766
5522404269458277518
-6610293126424083314
-5555887751627717490
-8917543346576472946
-7616003011048291186
-9137656607600458610
-59806987192810354
-1212728490994350962
-4405217549291535218
758440932839867534
5901270250561291406
-2506105702716980082
4798451420857189518
1941480439280125070
4749193358502085774
9142454803325600910
3691410506533913742
-8425242814399822706
1458188171199726734
636562716747187342
2046752460934562958
-8759353303159454578
-3972308373436021618
1373745885439673486
4195532533410645134
-4500918287695526770
-9140751526681557874
-1668435164877208434
-2821356668678749042
5638936721992795278
8140686357628011662
3072447996832072846
-3523073630227839858
-1379078694444120946
6821976228433052814
695392066647704718
5859050548779107470
-2598709523769637746
-8002747573907929970
-4974076819133610866
371977439742084238
4018485940985611406
5147200735940265102
-7359576904244312946
-5845522908124199794
94443525400773774
-4740170665835281266
8543196442475971726
-643302244098685810
-745477377025817458
5194489056499156110
-8088596535078992754
4688678652849243278
-1875036293815516018
5928294690771780750
970394562379465870
13661199048197262
5953627632573170830
4922584806147572878
-5883520957946444658
7800947985600824462
2836011009293501582
-3589499545227541362
-9090364980776582002
-2401956446024940402
1989334757078025358
-2216745749979773810
-8748935500063488882
4926526245074191502
3920816360449983630
2736369717315454094
-6885289403644033906
-2098244473920600946
3493537457282565262
-5472566289807883122
-4947333895656225650
3516055931049297038
-7324389825840593778
-3657615193653295986
2282351239871677582
-3218514195677363058
49128904537490574
-2253899278226733938
7235466707166905486
-6407906883778558834
2777466068338820238
7564510998062253198
6898259753749267598
4190189182174971022
-6816045261651360626
7896933280365757582
8951338655162123406
2338365646142260366
-713667200014531442
-2082198457949797234
3534071797590344846
-7112719192773016434
-5466090534336904050
473875899188069518
6135463649197245582
1255813475930293390
-5882110353260067698
8001080096111281294
-6396364893229333362
-1715435645712120690
3448222836419282062
-7384904531493436274
-7812183434660854642
6132368730116146318
-1987339896063703922
5653298413551830158
-4513014690893708146
1426951742631265422
7947319826270733454
2277850940489417870
-8019629537867774834
4926249100292736142
2787883871434785934
6564715243621663886
2511757093787747470
-2651619871610551154
-1437336685322353522
-4420689945627638642
425183296933676174
5588841779065078926
-5620617615932570482
-1147980214889266034
-6356393162318461810
-19265419934612338
5920701013590361230
-2367611044214782834
-3520532548016323442
-7771649094353075058
-9021397983565364082
-3081431550040390514
4212429545657681038
-3857739501433961330
2082226932091012238
-4854160685227490162
-8921192621058472818
6531220719296660622
-5975556920887917426
7413926277959730318
9150626957705692302
-4509072186280426354
-8358805304793021298
-1351204252083993458
-5183486050179660658
-1871088498979027826
4042137856050283662
7354816934001067150
496679310449001614
1080458486393422990
-5649608038980959090
-8362182254843575154
2125012530928108686
5153683285702427790
-3375852904620931954
-5654111226280983410
3040369410352694414
6254813876031407246
-3093532792195562354
8010092123460813966
-1884316240725850994
4151914840004838542
508221300998227086
-2107525486517599090
4056776692390773902
1196990938927940750
5590252383751455886
6360649421059343502
-7692833207826692978
-8598619242382146418
4917246298163856526
-6176808404223703922
-3109293932215188338
-8409749208512772978
8555873682242225294
3055008246693184654
-3193736217975241586
1697736058690159758
5916201755565704334
1491415142785172622
-1221159073077443442
-989223688620915570
8016286823481951374
1486911955485148302
6970044572491138190
2615626750439801998
504001575748453518
6443968009273427086
-6165266413674478450
-6928626498588294002
-2867786846160993138
7014518377784362126
3280752846091928718
-7297639694019771250
-2696368085477538674
-5634685259272862578
3174637116654699662
9114603550179673230
5003098565599904910
-7503679074584673138
3057543600300180622
-7802323846108199794
2734128973394560142
4339662250604840078
1631310143690458254
-3869555291858582386
2070411141666391182
4254938495342691470
7779849835943380110
2278984400394339470
-4690054513356618610
-4502592058857798514
2055775154602591374
2742855573342602382
-3303226856256748402
-5712933763283336050
3843986163671581838
6778081390245790862
1472841061700813966
-3289434068461468530
-6505004201332358002
-8790299504010509170
-2850333070485535602
2313325411645867150
1660584967094748302
2422256431500182670
4926257854213080206
-8690094141503617906
-5744458441333062514
-4861752882669992818
-7156336886178823026
-4518353198877424498
-2989099587840949106
8232181910555149454
-4274595729629428594
2395516852928857230
-8698819347584826226
-2758852914059852658
7559175335060259982
7878930910812914830
3508468962286978190
-6055206295849843570
-5212188643521117042
-4291202514159057778
1648763919365915790
6812422401497318542
1311556965948277902
-2117934140247948146
-886199619230808946
4507142488903468174
-993722946645572466
-4270654290702809970
-5520121644575013746
-1271256860986882930
-356463162443610994
60119870279861390
3271467889907549326
9211434323432522894
-5276364175327017842
-4294297951771474802
1645668481753498766
-6388471748797840242
6796379230508237966
5810653955799729294
5027309156491150478
-7479468483693427570
3505374043205878926
8669032525337281678
-3837745114847296370
3077532120884266126
8241190603015668878
-1713734850522299250
-7543081449038461810
9154295648131564686
-5006991839214353266
2890633175446930574
4033140296913601678
1428089418482795662
6591747900614198414
-3852381101911096178
5794610784810648718
-6712166855373929330
4537825033371337870
279953075702678670
-9211383112770435954
1075119978409706638
-5278614558520818546
661351875004155022
7576629110735717518
-4839513560544885618
-5706456480842431346
7239422157318079630
-7338729817941392242
6469869684521518222
750016688059663502
1047254704022176910
5927186408334247054
646715887940355214
-3307444558907226994
-4854149547608685426
8233592515241526414
1928834538245014670
-7121993029945572210
-5947960721914903410
-7994288389929842
-7100882225716444018
-1160915792191470450
9155705320234370190
2846725229994656910
8786691663519630478
1191652430944224398
-355052557757234034
6675066488828281998
-550396086485171058
5389570347039802510
1044159784941077646
6207818267072480398
-2636688366606138226
-4735647248798890866
7262223641868846222
-4514407849282419570
6589217066373956750
6147864319961416846
-867899348038892402
8501839679791383694
2134031342551778446
-2641754554453375858
3298211879071597710
-7796124321442085746
-3348538179444980594
-8415087716496489330
-2402782213307808626
-8072251099089124210
7208462468068754574
-7272580595029818226
-5923471026613042034
-9139041159483931506
8055702262264710286
-5511110107132771186
428856326392202382
6574581079310156942
4786652053979612302
-7739828816785619826
2233674038413706382
5206049821374891150
5471762249606055054
-29103185942985586
6260455196171256974
3949827136320783502
-5768377890530311026
5148347622700434574
-7358430017484143474
-113545471703038834
5826420961821934734
1481010399723209870
-3404550659005397874
2535415774519575694
7699074256650978446
8188277885788308622
-591489545295805298
-5891944821593389938
-3072128376701893490
-4225049880503434098
6239063877925553294
4469993803908465806
-8502624921337641842
4443253716822869134
-2311582655343672178
3628383778181301390
1196721463773185166
-1872481657367739250
7009179869800645774
2325436258727838862
-6273905721777503090
-333939288252529522
-7302978202003487602
5501037073010345102
1094546330846053518
-6248572827207121778
6697305810953389198
4198089553556882574
-8308688086627695474
4727262544218637454
6590627095280960654
-5916150544903617394
5437705591479420046
-7069072048705158002
-5097902624870939506
4875600230328386702
8942350706674320526
-4043497250074573682
-5196418753876114290
-8362449260427787122
2626615332483712142
7790273814615114894
3439515100964799630
-8104899484701866866
-1774808731926051698
4165157701598921870
-1335707733950118770
8973313321055372430
-3533464319129205618
-1886835660693093234
4499268627312755854
-2233894286864595826
-1660811024300161906
-6917918990601206642
-8070840494402747250
-6099671070568528754
-5045265695772162930
-6198187199573703538
1876766961308353678
-217406835718011762
-2574759729967840114
2676718996412777614
7345826149121475726
7022411522215855246
-5484366117968722802
6507030948233168014
-8771149277899963250
-7777824050250169202
-1837857616725195634
2744836481381647502
1591914977580106894
-9214190786513910642
-709142821770541938
6744877607874544782
-6898495983070919538
-958529549545945970
-6862467175120550770
298537765857477774
7603094889431647374
4264238776468456590
-6499645801809492850
6081441292879479950
-8811681182983306098
-1438162452605221746
-6939027888154262386
-999061454629288818
-1167664904861563762
4178389354014131342
8239792039907640462
-7501414247507082098
573539913374975118
-8960298981942279026
3181687096163779726
-4042086645388196722
-5195008149189737330
-670860824285723506
-2439930898302810994
3500035535222162574
8663694017353565326
-2169433350559153010
-7659039792030989170
-8782406359579016050
9148957140147848334
4433688332493997198
-929817312636615538
-8621683973558811506
5837404247920559246
-7875493630785796978
-1935527197260823410
5777450173428483214
-8302772533953215346
7710057542749602958
1177867792665887886
5620668826594657422
4467747322793116814
-6165251365387287410
1703100186817545358
7643066620342518926
-5640018971235629938
5948587478921856142
3174370111070487694
929607174758941838
-4283309369727564658
880349112403838094
3431919886796407950
7555246855983547534
-4951530784201030514
8732938159346238606
6431880359995589774
-7841152619534269298
1041916196038460558
-8570735726511438706
-7606120809060809586
-1666154375535836018
-922215899990506354
-7508730337230764914
4012040648910259342
2859119145108718734
6507597845136753806
2157402183559627918
4301397119343346830
-5944292031489031026
-5953299229898619762
7731169713648649358
-8262238193645435762
-2322271760120462194
706398994653856910
-5660846342038535026
279120091486438542
-2667922821233425266
-2841029897147038578
-7619067523981818738
-8271526441782786930
265891284052952206
4934998436761650318
-8348087154816498546
-2408120721291524978
-8077589607072840562
-1161749352187083634
4778217081337889934
6821725574835815566
-6837973569150303090
9173449186229175438
366660141309314190
6306626574834287758
4663094186410067086
-7843683453774510962
5439683654536742030
-203045144158976882
3670613580519654542
-3848990164965047154
2090976268559926414
-3409889166989114226
-4978549081754745714
-930094457418070898
-3068459686276021106
-3077466884685609842
-7839742014847892338
-8507963429321358194
-8845451899472100210
-1204813589856566130
-6207468212170701682
-267501778645728114
-5875608977645419378
3569002532433380494
9196531744836764814
7253510001770710158
8732661014564783246
2022860620134171790
6585288587297244302
-7740661801001859954
7736239830771254414
3426576535560733838
8457941882126288014
-5201757261859830642
-1708371222319250290
-1269270224343317362
7107988163250439310
8018841459929728142
7730892568867193998
-2608527582867929970
5592527340009243790
4228218261155169422
2312218127629894798
9214547611377812622
-8729200502387424114
-2815974147358112626
8695789474351236238
-5204289161786735474
398470318320600206
-715889079441865586
-3786217867774966642
590155285802861710
-1704428717705968498
4542908595956171918
-8985623141199297394
4698845802347971726
-1799566865320033138
7847425021401711758
-6206057607484324722
-5435660570176437106
-1042399125352921970
4897567308172051598
-603298127376989042
-8657704488872098674
-5557538786269117298
7958326754276885646
3541140150258582670
-3240436308993555314
2699530124531418254
-2801335311017622386
3456697864498529422
-9050079775686048626
3895798862474462350
-1696827305059859314
6738696324691608718
8957282211678733454
4532495598898201742
5661210393852855438
-2091173280565607282
826315128559977614
-3240716807271005042
-6235047540625423218
8394895852325913742
-5352341981962353522
-4888189739252235122
2349094939459667086
-3887546042475264882
-7621311574167698290
-1610694871821499250
4329271561703474318
-8724130403871800178
1158174820073555086
6321833302204957838
-2681706441056107378
934965574281806990
6098624056413209742
-4761243389995170674
8720845224140162190
-7625813781653142386
5320064856507368590
5096855610715620494
-6319769416408415090
-3360622945100020594
6496067953413932174
937500319190434958
-5644510498090564466
-8627582227350731634
6085396314666386574
3800101011988235406
584530879117345934
8963759494119638158
7967338310326109326
5979280585229157518
1048402052065608846
-4997680377533741938
6862830765651608718
-6420254825926540146
2132080883596346510
-934588890797751154
5436597309041886350
-3798033658199587698
-3014125839736814450
7378211872477627534
-4983887589738462066
7961991048422048910
-4544786591762529138
6932918568196064398
-6959841684686814066
4459316740710024334
-1248714308358421362
4691252125166552206
-7422023271624129394
1130312437898757262
7070278871423730830
-6212806720154418034
3101200326392890510
-2584875667803257714
-4942228562053086066
8296102564227269774
6184477389535921294
6648629632246039694
-4560829762751609714
-484790599887010674
-5985656035436051314
2812688967626474638
-7164473014580853618
-4011671682283912050
7583408676784391310
-2965710382263876466
2984107728309929102
638013871073346702
-5894175879010368370
8855112930442167438
-7763169694322178930
-3689663825251318642
8078523500956566670
-4428254139228011378
-3250562827275385714
735404342903391374
-61732772900158322
3237153978538607758
-8426606009317243762
7725554060883477646
686709328326509710
7311785957477926030
-4219680880500063090
1810920521928885390
943977601631339662
-4556887833917700978
1383078599607272590
-5326440306714262386
613526126810711182
990421300430849166
7697688786495947918
-4691432270948907890
1248534162576065678
7297149970414126222
-266364102794197874
-8845721374626855794
-5546834623188089714
-471558947471801202
5892308873407710350
-6614468766776867698
-6640645797494307698
-7793567301295848306
-6249958297362152306
1057413608114832526
-3009618327716150130
7842086513417995406
-6003949061070568306
-63982627545594738
6295381524716536974
-6211396115468041074
-5440999078160153458
-5121243502407498610
-6987704066861611890
-1047737633336638322
-6406739644195978098
-5588491724163300210
-7844513593009027954
4013745715867632782
-4534086349366934386
-820586948618271602
5119379484906701966
-5207092924861823858
468287170266350734
3562541673539519630
-1145690238968314738
4794276194556658830
22993865984787598
-4587847523167026034
-7012754401914174322
-2450607961501252466
3451359356514813070
7079290408865973390
-7408508089893567346
-6203795182712175474
-8831082538286365554
3507936367887336590
-5969889029413845874
-7394715302098287474
-4296238757141986162
9185849856993346702
-4097235734584802162
-7157431657316137842
-3608032105447471986
2449590910817223822
6698455694405354638
-3764813452281297778
-4917734956082838386
8118215674763494542
6727166432968787086
-1852190838863870834
-7353056274412911474
-1413089840887937906
7847155546246956174
-4659622093937621874
4777952425106031758
-8505133166472117106
-2565166732947143538
1981498567226377358
-6971657475111435122
6316494794221241486
-652544119529716594
-1382127226506886002
401861255266649230
-5099004180282391410
-1658254004153924466
6493824364511315086
-6296398575400565618
-7586398342870383474
6438374018752529550
-2056822168757910386
-980743327382420338
-2853959284561460082
5736657057203438734
-1772813841286478706
-1712015177954016114
-9169694658752068466
6845387100549366926
-5661390539635211122
-4006036176620665714
1933930256904307854
-3566935178644732786
2691097996871419022
-7631152289636858738
-4532675744680557426
7609310352032482446
5314726348523652238
-1654312565227305842
4285653868297667726
-3333029025346403186
-267484908127435634
-1420406411928976242
6490729445430215822
8527201043782124686
6433027246755759246
4075674352505930894
6897461000476902542
-5609316639707675506
-7957662335547915122
-9119590994823002994
5130079727302296718
5457998379629495438
1166067964505048206
6329726446636450958
4812576465748575374
-9051473509854133106
8242349060053877902
-2563756704040139634
3376209729484833934
-1386065400677448562
-2115648507654617970
2331937634342487182
1661182864532259982
-212033092646779762
5727933340878193806
4951625389484622990
-7555152250699955058
6948971848331248782
-5557805791853329266
3073905906808341646
9013872340333315214
9086211409997022350
-3420566230187555698
-7532071214767324018
-1592104781242350450
-8959430781245504370
9122521748992509070
917807807881364622
5651372627844482190
-87902076742843250
-7617920637221649266
5566930342084428942
1221519779985704078
3797860268067341454
-8708917372117236594
215809895361496206
-8556920696397544306
3614620369488004238
-8614622895072000882
-2674656461547027314
2608347437085574286
1455425933284033678
-1008605709557218162
3368893158443795598
-2131972277105245042
3807994156419728526
-6256706477448674162
8005912072515306638
-1971249891085040498
-2800193691578710898
-7562468821740993394
-1622502388216019826
-8568178706365201266
-6018859817807297394
8333830724842505358
4287627982045529230
-6175641164641123186
-7328562668442663794
485182717086483598
1010415111238141070
-8621939880165292914
2367124712746206350
-4975994445306968946
-3792954938866711410
3793640153094374542
7692350278512231566
-1920301644037667698
4019664789487305870
-7177409610338712434
-1237443176813738866
-8330331114140253042
-2390364680615279474
-516585728611105650
-858296254756993906
5081670178767979662
-2368409264643816306
1874826155937842318
-5426659173251954
6929554173960209550
-3090673464112495474
-8231250900294220658
-3533714972726442866
-8295990102888725362
-4577987067868789618
-754149439011470194
-1621092359309015922
4318874074215957646
5979013579644945550
3734250643333399694
-3131205369195838322
-3299808819428113266
6617399063958078606
4242313361182246030
-1427155524599069554
3918898734276625550
-8587878905907952498
-7018092909897890674
-7355299863315528562
-1415333429790554994
-4526476220014443378
1882427568583951502
3317105628518368398
-5489683416401492850
8480764110649771150
6531550102787015822
-4301577265125702514
-2428923970296658802
3511042463228314766
-3541031543767481202
2398934889757492366
2110985998694958222
3572967197788161166
-1189307932374121330
4750658501150852238
1968560001822311566
99566186510501006
-2195017816998329202
7478995664952181902
6382932303828042894
5948897932080661646
5361178206857151630
-7145599433327426418
3999683924217906318
6981066934212707470
5689096859184350350
-6817680781000227698
2914879491332981902
8854845924857955470
7763004492347950222
6610082988546409614
-6673002603031739250
6560824926191305870
-5211021403938536306
8473447539608732814
-4033330100575845234
-1090227718528088946
-4060070160464526194
2563036113897342094
-2160676805746801522
6272595036926985358
-8206759235346152306
-9201773253821381490
5381163858130453646
-4688321827985341298
4758259913796961422
-3777468531306052466
1874549011156386958
6248107225399248014
-6258670414785330034
-4907027448095751026
4041906499605841038
-8464871140578737010
-6203782651226536818
-263816217701563250
-5035098546273434482
8038851190064759950
-2581762379857967986
-3162445251444390770
460982218161472654
-227505488982883186
5712460944542090382
2839445916640429198
-1938591710194350962
-2163208705673706354
-9194734893248461682
-5735407329770650482
-5908795893793340274
8237010552070161550
-745137411661937522
-8337080226810346354
-2397113793285372786
-6053473610478566258
-2335189058725526386
-7097464188887808882
-1157497755362835314
-2070883960407636850
4850867217153737870
7154739945822307470
-6898742683063729010
6047135955096781966
-3382838069572320114
-3336957504423115634
-8099232634585398130
-2159266201060424562
3849098771456148622
-2399645693212277618
6152971500124718222
-7900511128761318258
-6810358515700775794
225671820381602958
6325797967559738510
-6180979672624839538
7503489270922429582
7476749211033748622
-5030028429150829426
-3401414138909866866
1762244343221535886
5390175395572696206
-4932074890935581554
8702854473523479694
3330060136152122510
-4580231118054669170
1405615851995481230
7345582285520454798
6848497543512933518
-5658280096671644530
363877202356946062
465489744494150798
6442329468903703694
5333036720271737998
-7173740919912840050
-5297147118740749170
359374015056921742
7585399656755577998
-5697685934822570866
7248192703337940110
-5258584936846637938
-4915748319439272818
-8903404280443485042
-6684818393456360306
9028803845337728142
-536278701203438450
4627379780927964302
-2341659132822993778
-7317855160455576434
330664666065355918
8013524161496958094
-954831475723123570
939495285685044366
4047542043910161550
-4918843238520372082
244815243611030670
-1977148144876960626
3962818288648012942
9126476770779415694
5920195338739205262
6841181468101264526
3625611335230375054
2110994752615302286
7698836134539379854
-4807941505645198194
-1956599921420712818
-4933479225584171890
230179256547230862
6170145690072204430
4743912233462482062
-756953202086558578
8799966724868359310
-3706810915316218738
2105647490711241870
-6027571935230475122
-3808986048243350386
-7105057866069228402
94227678526784654
1687094716191556750
-771589189150358386
5168377244374615182
437627362319352974
566824508822471822
6506790942347445390
-7109561053369252722
-554571726837955442
3981116128910460046
-1519749306638580594
6604744480562693262
-6678341111015455602
4069780941965968526
-176831978689444722
5853769423739503758
-5677697414238485362
4628790385614341262
-6546047499854330738
685326270493967502
-467595233307573106
3399871255198385294
7385838425377162382
5534858982555468942
2979347683212870798
6278234434651636878
919232423792297102
6621071052059001998
-7680109556713044850
-1178600424387033970
-4155198216112356210
7263960209284482190
2118879143126451342
1603498569143764110
-6220098132335049586
-6561808658480937842
5503616235291100302
-7003161404893477746
6384069979679573134
-6579260036145920882
1103599459285681294
-1756186294177151858
-7864756177934400370
7270716577529021582
6617976132977902734
-6665109458600246130
35965315696903310
1226041770236265614
-4798929949595974514
6003235265218954382
-6786987674692926322
-7563577104178527090
439037967005729934
-4920245579193695090
5602696449137132686
101831013588092046
6041797447113065614
5621273875127551118
7100706423261709454
118438269418030222
5246067957911078030
-1842597841843174258
-5893022697883351922
-6676930506329078642
-7329670950880197490
-2166012468748794738
7118721252740121742
-5388056387444456306
4947986272806847630
3795064769005307022
6673427948458558606
-8344950634720967538
4600928003439543438
-7905849636745034610
5240439160666932366
-8326373208730549106
-2180648455812594546
3759317977712379022
-5062952174527888242
-2844366287540763506
-2928808573300816754
-4988923832721390450
8047026798124942478
9100024993290994830
-8707207923191167858
-4183060598287154034
5384836887588979854
-723732996168268658
-1876654499969809266
2724617108572423310
8664583542097396878
5237344241585833102
-8045741349992315762
6318489684860814478
-213700065222900594
6853010779843150990
4085267349526627470
8631932649700148366
-749065314959276914
4193916768202867854
-9089168823375281010
427218708589003918
6367185142113977486
1658953229606143118
1649946031196554382
6436990960919987342
7491396335716353166
-5302485626724465522
354035507073205390
-2398508017360747378
-3546644360140864370
-7629157398997285746
-9047509795689905010
8584364339378078862
3083498903829038222
-3165245560839388018
-4590071833523829618
-1491595288567528306
-2187119829314878322
6388015362193573006
31466057672246414
5208916866315666574
-291948569233374066
-6873959386514373490
-960169983706839922
-2113091487508380530
-2779342731821366130
-7523884930371599218
5527546822107153550
6822894708209566862
-5305580545805564786
-8630925844694874994
6737889421902300302
7582595893680489614
-323473247283100530
-5700489697897659250
-7281534640753916786
2320702799277016206
-6377436841278618482
1422516242067571854
-8655695162938669938
-8752522544054451058
4207148420618077326
-1961938429404429170
4455972557603554446
-8050805082581023602
3303051053802013838
-9203726586382564210
4534785574819153038
4525778376409564302
-236496753752718194
-6068376650357586802
-904718168226184050
1092628290620441742
-2782437650902465394
3229867852286215310
-2308996698771733362
3630969734753240206
6819799789128467598
-1728032276106099570
-6463285802449681266
1150330903347152014
8692453083957511310
-3924099736557501298
1384237056645481614
-1906486613923773298
4033479819601200270
-8181689621747776370
-2241723188222802802
4764189016412734606
-7742588623771843442
3975777620926743694
-4648052585158589298
-5755093499481865074
-7988315834816052082
-2824657352684649330
-1291181661323967346
-7399751545081215858
240886764534318222
5027931694257751182
7328708438158558350
-6555889195138071410
-1558863898616445810
3526263173199512718
913893915808580750
3722451276455822478
2569529772654281870
3907661972500989070
-3489218844964600690
1674439637166802062
-3826425798382238578
8371573810658886798
4026163248560161934
-5258851528378596210
5412990905660032142
4260069401858491534
2905893526803399822
6173536627018253454
672671191469212814
-7786496107940854642
-4757825353166535538
2881124208559604878
-7308269880292588402
8364256825565594766
-8476109443636312946
-6541531875530685298
-601565442005711730
-3370997696066665330
-4523919199868205938
-5190170444181191538
3116719109747328142
-1645556020414954354
2072447014604981390
8012413448129954958
-6610492996722277234
-1446834514590874482
-5817296411590835058
-8297935242996923250
-90124913082809202
6598283621668832398
7283393817295275150
-3977012453784861554
5235100652683216014
-5525687645565795186
2114950664049738894
6901995593773171854
-8479204362717412210
-2448602960288463730
-3315545880586009458
9049368972231263374
8761420081168729230
-3745357559015848818
-1881993007953525618
-2548244252266511218
-2887702892577733490
-8420093496083790706
-682627805352475506
-1549570725650021234
4481030676778927246
-495165350853655410
-2561473059699997554
-8424596683383815026
-3002262729710287730
-2941464066377825138
8047600526533674126
-22568520557968242
5917397912967005326
-5235485065044474738
-6293267917012646770
1950852737584940174
1887520874920756366
-8972628106827709298
2054998620746892430
-2551339171347610482
3479262231081337998
-1496933796551244658
-5381006903564745586
-736388075193023346
4915629467269416078
-6237253510742063986
-1865946991982721906
1615335536200336526
4773203470396769422
7111416300635243662
-5395361339549334386
-6083849046693690226
8165821675431609486
7012900171630068878
8294455807075501198
-3793205592463948658
1102488745918678158
-8019552263384513394
533064929952482446
-8661033670922386290
5719522959907439758
-5422663990227942258
-6137610239100762994
-7168653065526360946
-6601480969372744562
4253320289188398222
7562903382371419278
4579550122066134158
-7927227518118443890
7891947673266766990
-9021320709082102642
-8250923671774215026
-3857662226950699890
9052750693973705870
-6234718157135068018
1378898548661765262
5546135846999639182
4491167881413346446
641434762900751502
7649035815609779342
5780042000297968782
-8593196204340722546
-8925054963270728562
388389097041380494
-7405090053064932210
-8949824695566777202
-8366045519622355826
-7077171400737733490
8595355305120449678
469454409848931470
-4292820720313351026
8243511927684809870
-4094099214489271154
8851779423671239822
2393617591324722318
-6406134595663084402
-466168162138110834
-1242476113531681650
4697490319993291918
-3093455517712300914
6371140592265151630
2070202964419101838
992153985802126478
-523306837439069042
-5294589166010940274
1353286963733021838
7293253397257995406
-5095867660186860402
6892714581176173710
1391849145627133070
3695721874295702670
-6376859772258794354
-2438180328252554098
6114155381270332558
-7168930210307816306
-667421077981805426
-54931515983182706
-4529257707851922290
5890946135478584462
-7392139456099564402
194737171201606798
6134703604726580366
-7748767947325619058
-2669833220456364914
3270133213068608654
-8170698656005405554
-2230732222480431986
6148496392521860238
-9199771136231390066
-1124816975349332850
-8393907901797153650
-1892398769471142770
-5626164301163576178
7319714336996934798
-6613296759797365618
2943623167157552270
5146727946824270990
8671639287424959630
-6440470292362345330
-7757491663650863986
5238208103249953934
1941854721459963022
-7815193862325320562
-1875227428800346994
5130684775835190414
-7376092864349387634
-8800919137033829234
7086091665782949006
6912703101760259214
-6370382489817889650
-5917770716409150322
7669870841727370382
-9138407088653253490
-5171017287216839538
-6323938791018380146
-2177249230524431218
6039849828844389518
-6504926926849096562
-6842133880266734450
-8816962308022909810
-2876995874497936242
2286662607633466510
4910290959285699726
-3222928466656017266
2495235866361414798
-7785919038921030514
-3847239594914790258
4491738184766014606
3338816680964473998
430335950138721422
4882425684898169998
4481886868816348302
527726421968766094
6785759597484917902
6011140479852823694
-1214322095460629362
4725644338064344206
6874424410540426382
2945033771843929230
3788051424172655758
1493467420663825550
7433433854188799118
-2634081604518460274
-8134947040067500914
7515343184352330894
5925291057398498446
-4849008040612379506
3489969739068425358
2337048235266884750
1851504132877796494
3480118423118759054
8643776905250161806
-5754512544122714994
-235069682583255922
3723875892366754958
4928588799548146830
3050869316871865486
757411384590419086
6697377818115392654
-3635850050216049522
-8022356026459601778
4923522611700909198
7286505217171473550
-6287062554967980914
-347096121443007346
-5647269862400506738
-1255415554271263602
-6555870830568848242
-9019058284309953394
-5060112709359942514
3926820353850557582
-8036992013523401586
7367570529979024526
-5733119284854831986
-9166550930313100146
6247300322609939598
-6259477317574638450
-8371384027606072178
3721625509172954254
-8785152131011623794
4160726507148887182
-8696487317956115314
176166963571672206
-6912498836182580082
3243681435580187790
-2056773840717396850
3883192592807576718
8407339917711590542
3545985639389938830
8425917343702008974
6365802084281435278
5212880580479894670
8278424697698862222
-3088379229308894066
-9087173932735708018
7126347805639656590
8659823497000338574
-4623262094577810290
2292015141153752206
3501231692623463566
6599708237579764878
-6145197207863081842
-4206397526514252658
-8968672656676535154
-7914267281880169330
-2201451096119360370
-2258308705953430386
-8254851575071554418
3542890720308839566
-6479588752072555378
-6821299278218443634
-416899090972326770
-124165104726358898
-2184280364146932594
-7595073807010151282
-2857286939641822066
-6148292126944181106
-1547583627723193202
-984633644812778354
2080910472406189198
927988968604648590
3975237233814357134
-7754106455309335410
-5058420569333480306
-5610111519525616498
1260411250908152974
-7212829967602072434
-5179736198931200882
-4240454184640887666
-7584095382770465650
-3186048809844521842
3231862177163461774
6212963674720126094
4463596698180600974
-9205109644215106418
-7520200302011005810
-2005261080464898930
3934705353060074638
-212546884095884146
-7589161570617703282
-1649195137092729714
3514463345038673038
-1986402090510367602
-7759735252553481074
-6092840311463525234
6394234245555504270
2136362287886845070
258642805210563726
6270948308399244430
5422301287341966478
-3001681774351137650
-4976510202107313010
1313048180006929550
6127114713549063310
-7772964059986967410
617523639259579534
-3103856907278269298
2836109526246704270
8666300779441243278
1697261865690285198
2751667240486651022
-2749198195062389618
5165878172934816910
691551981066077326
-4719241461797141362
8332190290681611406
3569915160519328910
-7762830171634580338
-1092154541298072434
7016858077039772814
5125346267851474062
4956742817619199118
3803821313817658510
-6006988905050979186
7664532333743654030
5466775748564567182
-4947235378703022962
1749898794789061774
-310216464631511922
7339429043393610894
7330421844984022158
2568146714821739662
-4467601553077222258
6034511320860673166
2900568997125244046
3954974371921609870
2802052868120069262
-5131037868072287090
-7888648018734791538
-1119456267983043442
8763974717616505998
4188880525219939470
-1300725916251896690
4639240517273076878
-7319786750622481266
-1843409116584131442
1658702576008905870
-5502020805299977074
-2334019925351775090
5926707851972658318
-5183672366241594226
5357002566504367246
8001178613064483982
7832575162832209038
-696961027491150706
-8915185782676175730
-2975219349151202162
-1825675361162541938
4114291072362431630
6048868640468059278
1460263638292579470
7400230071817553038
3718537384383038606
2565615880581497998
-8310295702318529394
8983526867589481614
-8240489883512519538
5443979060034749582
-3569412540609248114
-8754744423481785202
-8033886983869086578
6560309169390961806
-5946468470793616242
-782809988662213490
6830806717134619790
1341200275662783630
-3906900492228672370
8276181108796245134
7064712870432949390
-5345800089626917746
-8304946517999270770
-9171889438296816498
3716287001189237902
-1784578434359802738
-1953181884592077682
-3497916527093922674
-7363975327455296370
-8516896831256836978
-9151622770214746994
-1719275731293748082
5921362578321785998
1159087448159503502
-8404587809977318258
429504341182334094
153377563535295630
-5379013039970761586
2358452650760553614
1491509730463007886
4121611915171021966
7522111132891956366
-5434463357105519474
-8417816617410804594
-7289101822456150898
-1774162600910044018
4165803832614929550
3648171352763483278
-8858606287421094770
99616389735203982
-5878912078268775282
7354915450954269838
-4394694449263197042
-2721044176991337330
-3905490820125866866
4919594132624196750
-8740105011361921906
5055546747707278478
489741284765418638
-2377081326629469042
-3244024246927014770
-7541865580432112498
-2339926447451716466
9202799446146499726
-6592731632903830386
-6880680523966364530
6353147005256680590
5396976652489671822
-2106020294153386866
922650460620932238
-4488142982242286450
8561600022347072654
-5615450027509332850
1255072742924436622
-4245792692624604018
2309478117720802446
1156556613919261838
8797194923534795918
7752922828392449166
-5619953214809357170
-136820597803367282
-2617459429209455474
5590350900704658574
-5114705369030376306
-506396888244075378
154788168221672590
7795426477837206670
2792771855523071118
8732738289048044686
4322025466559546510
-3193637701022038898
9058405102771586190
4419979004774794382
-6214708427000036210
-6019927470455044978
6187360839416759438
-8629200433505024882
-988562123889490802
3798482805833942158
-1612310637029276530
7291868845374522510
-5214908794810055538
6947062024887682190
7730969843350455438
-5552115748227693426
1685168930484208782
6157806331527513230
949393384098317454
7286521126482166926
-5220256513702411122
-6082132803476437874
-1715611437148584818
3448047044982817934
-9058730595201760114
-2744120869596347250
-6810308312476072818
-1615406074641693554
9206743830238938254
-4469843596402932594
9214625347144336526
-6216677240507644786
-1053018758376242034
271039565306348686
5434698047437751438
6184265920335660174
-7098819671242488690
-3786140593291705202
4033234441915155598
9196892924046558350
7295811349987804302
-9015944996364663666
-7993064789525314418
-8512949036420348786
-5788552735766264690
-8100588116940077938
1263521708183733390
273574310214976654
6213540743739950222
4212253754221216910
5421470305690928270
-6397100858838268786
-457134425313295218
-1488177251738893170
5198261059899180174
-5661606386509200242
8502777485344720014
-5550705143541316466
7303412762633913486
-5203364877550664562
-8526176778167171954
4419701859993339022
-5647813598713920370
5525617107124438158
-2489945697436482418
4196492614201590926
-7220132412922444658
4001149085473653902
-7748742327181949810
-2585083845050547058
-8085949280599587698
4112050328441537678
37137322676405390
7389545195872273550
-5117232444312304498
-6649582044411509618
-709615610886536050
-3244579149483260786
5628075132044526734
-3124670703810820978
8792698501901927566
-4170912954801634162
2999380639776064654
-3399389836249316210
-1107057581177092978
-725658781875616626
4437999700255786126
8667724329665512590
-3839053310519065458
-8492960515836263282
-2876690260296121202
-4126439149508410226
315236283066172558
-6137858961692867442
-197892528167893874
5004328135857620110
5748266635732010126
8937096690107237518
3436231254558196878
-9070546385626381170
-6886019031950080882
6876981430686663822
-3361107691349392242
-8861973126898432882
-696383958471326578
2803194487558980750
-1600481325287390066
-8398101953950169970
4002559690160030862
3568806878081795214
5875212984989074574
1592852783133443214
5986114227956958350
-2068292133538151282
-4362876137046981490
4016352477955310734
-1484512957593729906
4455453475931243662
-8827632115646905202
8966371513511527566
1801426041861391502
7741392475386365070
6559479130340541582
-8306340252167355250
-2366373818642381682
8987482317740655758
-3519295322443922290
-1384307595086838642
-8316191568117021554
-2376225134592047986
2787433347539354766
6415364399890515086
-6867721191687633778
-2908775616737622898
3031190816787350670
3191068628279182478
-8745440674363915122
-2797874373769739122
-5098932173120387954
3014584032257721486
8954550465782695054
-4328535125795453810
-1371921943985830770
-6872787379534871410
-4219604105941138290
6143460149538931854
1003164220073264270
6943130653598237838
7286530337390806158
1785664901841765518
6034529685429896334
6949323383973168270
-2368624201836182386
1590321373113828494
-7869489637385223026
-1929523203860249458
917314797618939022
5749677240418387086
-5330303571493043058
-7528060156672129906
-2134718048537852786
-7635583484086893426
-237294902621682546
-8456082705584929650
-7913117398428203890
-8250324351845841778
-3370392647533771634
2569573785991201934
7733232268122604686
3453405444505683086
-6603132493921434482
7585739622119457934
3562054853164876942
-2436739850261937010
-4669962185596124018
1270004247928849550
-3136486494235442034
2027171987895960718
7967138421420934286
-3564328416557054834
1599330065574347918
-8295078298612317042
-3482419086393523058
2457547347131450510
839629359993668750
1206672766397924494
-8117748728322243442
-2105443225133562738
2750281770331620494
4232247565028508814
-8274530075156069234
3079326061226968206
9019292494751941774
8353041250438956174
-5213771118958525298
-50112636827122546
7952502434357134478
6110811763926189198
268235802231260302
4466153718326838414
6614933790802920590
-5891843849381657458
-8978216835749428082
1357825824501875854
7297792258026849422
502141955529589902
9170445552855893134
8017524049054352526
8497438977361003662
-4713025999196306290
5064007331902735502
1040322562948154510
7910845333381923982
8349946331357856910
-4933139260220291954
3464385272629249166
-9042392367555328882
4669098179810641038
318339466160325774
-6164029188102077298
2791378697134359694
-1610045367275404146
6437887198377886862
-8281846646197107570
-9006926184740993906
4664031991963403406
-7842745648221174642
3957248366971798670
-1109301170079710066
-606586741180513138
2176637829375411342
33205951386961038
537890687844697230
-3719981269823961970
6909076887684334734
-5597700752500243314
-434042270368840562
-8858025332061944690
-5669195277686717298
7276683360473793678
-5992609904592337778
-52643471067364210
-3130009211794537330
1257059840851264654
4008759214826144910
-9044642750749129586
3901235887411381390
-8605541752773196658
-1176291169920269170
7341986063539848334
5881412509655188622
1413841724823389326
-4721749715521551218
4233658169714885774
3080736665913345166
-4779451914196007794
1160514519328965774
-6670963723384306546
-1196838374920862578
-6400466175640648562
-4131777657492126578
7345927502466466958
-5160850137718111090
-5639920454282427250
8400332877262832782
1057213719209657486
6340217617842259086
-3288196842889067378
9075591776973702286
-2955774560585562994
2207883921545839758
-2198606820618451826
7459362647926457486
-2517799325690936178
3422167107834037390
-8514342194809060210
3390923427986097294
1042577732145857678
-799112938285087602
5530977814490727566
-6975799825693850482
-1140823464430975858
-6641688899980016498
2086005705453159566
-2443770983884438386
3496195449640535182
-3988505626386283378
-1914597993222683506
5196867325731095694
-7309910314453482354
6374558629093786766
2134701167001289870
4132892186064274574
1206115475848250510
7761386286193656974
6608464782392116366
7088379710698767502
40809286448268430
-5869602139263122290
70364294261851278
2331452783614051470
8271419217139025038
-3795131378171296626
5953473054982620302
-8302671561741482866
5372790183396197518
576175140588045454
3675214733322568846
-472037503833389938
5467928929691583630
-7072062722228534130
-7682018918873348978
-4396079919418227570
5606696336694527118
443319371296228494
-5199409427399490418
-412364497676057458
703965611680154766
5867624093811557518
7991634358136554638
-4515143282048023410
2743533590245098638
7377737679477752974
-3520128882439535474
2419837551085438094
4906387553197311118
432061361328571534
961234351990326414
4463346044583363726
-9196353099402754930
-1654512435525499762
-6130808982183787378
-8080022990046542706
4865855648113968270
-7640921992070609778
4697252197881693326
-7809525442302884722
-6110542314101717874
-6707269194798775154
-569707084369017714
5370259349155955854
-5363507353864289138
-5426839216528472946
-5435846414938061682
8248622528609207438
-996985987536436082
8483654339082667150
1271421042503009422
7211387476027982990
9008886733234324622
-3497890906950253426
-4364833827247799154
1665767575181149326
3022477176689214606
-2208172204947323762
-8050748166642252658
2255739633210573966
-804456289520761714
3929389905482433678
-8577387734702144370
2744943262347904142
8347702742455239822
1068197005308281998
-300334262644030322
5639632170880943246
-5366602272945388402
663999129483560078
-202943790813985650
851461583982380174
-5712253362682379122
980095715626271886
-5761511425037482866
